$ 1 0.000005 380 50 5 50
x 56 38 392 42 4 24 1.\sГЕНЕРАТОР\sИ\sДВУХРАЗРЯДНЫЙ\sСЧЁТЧИК
R 176 152 80 152 1 2 2000 2.5 2.5 0 0.5
x 72 132 170 136 4 16 Импульсы\s2\sкГц
155 176 120 224 120 0 0
w 272 184 272 88 0
w 272 88 176 88 0
w 176 88 176 120 0
155 376 120 424 120 0 0
w 472 184 472 88 0
w 472 88 376 88 0
w 376 88 376 120 0
w 272 184 320 184 0
w 320 184 320 152 0
w 320 152 376 152 0
207 272 120 320 120 4 Q0
207 272 184 320 184 4 /Q0
207 472 120 520 120 4 Q1
207 472 184 520 184 4 /Q1
x 188 244 448 248 4 16 Последовательность:\s00→01→10→11
x 560 76 874 80 4 24 2.\sNAND-ДЕШИФРАТОР\s2→4
151 600 220 600 316 0 2 0
207 584 220 584 184 4 /Q1
207 616 220 616 184 4 /Q0
151 800 220 800 316 0 2 0
207 784 220 784 184 4 /Q1
207 816 220 816 184 4 Q0
151 1000 220 1000 316 0 2 0
207 984 220 984 184 4 Q1
207 1016 220 1016 184 4 /Q0
151 1200 220 1200 316 0 2 0
207 1184 220 1184 184 4 Q1
207 1216 220 1216 184 4 Q0
x 566 338 620 342 4 16 C0#
x 766 338 820 342 4 16 C1#
x 966 338 1020 342 4 16 C2#
x 1166 338 1220 342 4 16 C3#
207 600 316 600 348 12 C0N
207 800 316 800 348 12 C1N
207 1000 316 1000 348 12 C2N
207 1200 316 1200 348 12 C3N
x 56 390 462 394 4 24 3.\sКНОПОЧНАЯ\sМАТРИЦА\s2×4\s(5\sКНОПОК)
x 72 414 568 418 4 18 ВЫБОР:\sклик\sпо\sK1…K5\sили\sклавиши\s1…5
207 600 404 600 372 12 C0N
207 800 404 800 372 12 C1N
207 1000 404 1000 372 12 C2N
207 1200 404 1200 372 12 C3N
w 600 404 600 420 0
w 600 420 600 570 0
w 600 570 600 588 0
w 800 404 800 420 0
w 800 420 800 548 0
w 1000 404 1000 420 0
w 1000 420 1000 548 0
w 1200 404 1200 420 0
w 1200 420 1200 548 0
R 408 500 352 500 0 0 40 5 0 0 0.5
r 408 500 504 500 0 10000
w 504 500 552 500 0
w 552 500 752 500 0
w 752 500 952 500 0
w 952 500 1152 500 0
w 1152 500 1280 500 0
207 1280 500 1336 500 4 ROW0
x 426 482 502 486 4 14 10\sкОм
R 408 650 352 650 0 0 40 5 0 0 0.5
r 408 650 504 650 0 10000
w 504 650 552 650 0
w 552 650 1280 650 0
207 1280 650 1336 650 4 ROW1
x 426 632 502 636 4 14 10\sкОм
s 552 500 552 460 6 1 false K1
d 552 460 552 420 2 default
w 552 420 600 420 0
x 530 448 570 452 4 14 K1
s 752 500 752 460 6 1 false K2
d 752 460 752 420 2 default
w 752 420 800 420 0
x 730 448 770 452 4 14 K2
s 952 500 952 460 6 1 false K3
d 952 460 952 420 2 default
w 952 420 1000 420 0
x 930 448 970 452 4 14 K3
s 1152 500 1152 460 6 1 false K4
d 1152 460 1152 420 2 default
w 1152 420 1200 420 0
x 1130 448 1170 452 4 14 K4
s 552 650 552 610 6 1 false K5
d 552 610 552 570 2 default
w 552 570 600 570 0
x 530 598 570 602 4 14 K5
x 668 682 1164 686 4 14 Катоды\sдиодов\sнаправлены\sк\sактивным\sнизким\sвыходам\sC#
x 56 724 410 728 4 24 4.\sОПРЕДЕЛЕНИЕ\sКНОПКИ
153 304 792 400 792 0 2 0
207 304 776 256 776 4 ROW0
207 304 808 256 808 4 C0N
207 400 792 448 792 4 KEY1
x 414 780 454 784 4 14 K1
153 304 872 400 872 0 2 0
207 304 856 256 856 4 ROW0
207 304 888 256 888 4 C1N
207 400 872 448 872 4 KEY2
x 414 860 454 864 4 14 K2
153 304 952 400 952 0 2 0
207 304 936 256 936 4 ROW0
207 304 968 256 968 4 C2N
207 400 952 448 952 4 KEY3
x 414 940 454 944 4 14 K3
153 640 792 736 792 0 2 0
207 640 776 592 776 4 ROW0
207 640 808 592 808 4 C3N
207 736 792 784 792 4 KEY4
x 750 780 790 784 4 14 K4
153 640 872 736 872 0 2 0
207 640 856 592 856 4 ROW1
207 640 888 592 888 4 C0N
207 736 872 784 872 4 KEY5
x 750 860 790 864 4 14 K5
x 872 724 1194 728 4 24 5.\sЛОГИКА\sИНДИКАТОРА\s1…5
152 1032 760 1128 760 0 3 0
207 1032 744 984 744 4 KEY2
207 1032 760 984 760 4 KEY3
207 1032 776 984 776 4 KEY5
152 1032 848 1128 848 0 4 0
207 1032 816 984 816 4 KEY1
207 1032 832 984 832 4 KEY2
207 1032 864 984 864 4 KEY3
207 1032 880 984 880 4 KEY4
152 1032 936 1128 936 0 4 0
207 1032 904 984 904 4 KEY1
207 1032 920 984 920 4 KEY3
207 1032 952 984 952 4 KEY4
207 1032 968 984 968 4 KEY5
152 1240 680 1336 680 0 3 0
207 1240 664 1192 664 4 KEY2
207 1240 680 1192 680 4 KEY3
207 1240 696 1192 696 4 KEY5
207 1192 848 1240 848 4 KEY2
152 1240 936 1336 936 0 2 0
207 1240 920 1192 920 4 KEY4
207 1240 952 1192 952 4 KEY5
152 1240 1040 1336 1040 0 4 0
207 1240 1008 1192 1008 4 KEY2
207 1240 1024 1192 1024 4 KEY3
207 1240 1056 1192 1056 4 KEY4
207 1240 1072 1192 1072 4 KEY5
157 1504 760 1520 760 512
207 1504 760 1472 744 4 SEG_A
207 1504 792 1472 776 4 SEG_B
207 1504 824 1472 808 4 SEG_C
207 1504 856 1472 840 4 SEG_D
207 1568 888 1568 920 12 SEG_E
207 1600 888 1600 920 12 SEG_F
207 1632 888 1632 920 12 SEG_G
w 1128 760 1504 760 0
w 1128 848 1144 848 0
w 1144 848 1144 812 0
w 1144 812 1400 812 0
w 1400 812 1400 792 0
w 1400 792 1504 792 0
w 1128 936 1144 936 0
w 1144 936 1144 896 0
w 1144 896 1424 896 0
w 1424 896 1424 824 0
w 1424 824 1504 824 0
w 1336 680 1448 680 0
w 1448 680 1448 856 0
w 1448 856 1504 856 0
w 1192 848 1176 848 0
w 1176 848 1176 992 0
w 1176 992 1568 992 0
w 1568 992 1568 888 0
w 1336 936 1600 936 0
w 1600 936 1600 888 0
w 1336 1040 1632 1040 0
w 1632 1040 1632 888 0
x 1478 724 1648 728 4 16 Семисегментный\sиндикатор
